+3.3333 3333 333 <- 1;
+1.2500 0000 000 <- 1;
+6.6666 6666 666 <- 2;
+4.1666 6666 666 <- 2;
+2.8571 4285 714 <- 2;
+2.0833 3333 333 <- 2;
+1.5873 0158 730 <- 2;
+1.2500 0000 000 <- 2;
+1.0101 0101 010 <- 2;
+8.3333 3333 333 <- 3;
+6.9930 0699 300 <- 3;
+5.9523 8095 238 <- 3;
+5.1282 0512 820 <- 3;
+4.4642 8571 428 <- 3;
+3.9215 6862 745 <- 3;
+3.4722 2222 222 <- 3;
+3.0959 7523 219 <- 3;
+2.7777 7777 777 <- 3;
+2.5062 6566 416 <- 3;
+2.2727 2727 273 <- 3;
+2.0703 9337 474 <- 3;
+1.8939 3939 394 <- 3;
+1.7391 3043 478 <- 3;
+1.6025 6410 256 <- 3;
+1.4814 8148 148 <- 3;
+1.3736 2637 362 <- 3;
+1.2771 3920 817 <- 3;
+1.1904 7619 047 <- 3;
+1.1123 4705 228 <- 3;
+1.0416 6666 667 <- 3;
+9.7751 7106 548 <- 4;
+9.1911 7647 058 <- 4;
+8.6580 0865 800 <- 4;
+8.1699 3464 051 <- 4;
+7.7220 0772 200 <- 4;
+7.3099 4152 045 <- 4;
+6.9300 0692 999 <- 4;
+6.5789 4736 841 <- 4;
+6.2539 0869 292 <- 4;
+5.9523 8095 237 <- 4;
+5.6721 4974 474 <- 4;
+5.4112 5541 124 <- 4;
+5.1679 5865 632 <- 4;
+4.9407 1146 244 <- 4;
+4.7281 3238 770 <- 4;
+4.5289 8550 725 <- 4;
+4.3421 6239 687 <- 4;
+4.1666 6666 666 <- 4;
+4.0016 0064 025 <- 4;
+3.8461 5384 615 <- 4;
+3.6995 9304 476 <- 4;
+3.5612 5356 125 <- 4;
+3.4305 3173 242 <- 4;
+3.3068 7830 687 <- 4;
+3.1897 9266 347 <- 4;
+3.0788 1773 399 <- 4;
+2.9735 3553 375 <- 4;
+2.8735 6321 839 <- 4;
+2.7785 4959 711 <- 4;
+2.6881 7204 301 <- 4;
+2.6021 3374 967 <- 4;
+2.5201 6129 032 <- 4;
+2.4420 0244 200 <- 4;
+2.3674 2424 242 <- 4;
+2.2962 1125 143 <- 4;
+2.2281 6399 287 <- 4;
+2.1630 9755 570 <- 4;
+2.1008 4033 613 <- 4;
+2.0412 3290 467 <- 4;
+1.9841 2698 412 <- 4;
+1.9293 8452 634 <- 4;
+1.8768 7687 688 <- 4;
+1.8264 8401 826 <- 4;
+1.7780 9388 335 <- 4;
+1.7316 0173 160 <- 4;
+1.6869 0958 164 <- 4;
+1.6439 2569 455 <- 4;
+1.6025 6410 256 <- 4;
+1.5627 4417 877 <- 4;
+1.5243 9024 390 <- 4;
+1.4874 3120 631 <- 4;
+1.4518 0023 229 <- 4;
+1.4174 3444 365 <- 4;
+1.3842 7464 009 <- 4;
+1.3522 6504 395 <- 4;
+1.3213 5306 554 <- 4;
+1.2914 8908 691 <- 4;
+1.2626 2626 262 <- 4;
+1.2347 2033 584 <- 4;
+1.2077 2946 860 <- 4;
+1.1816 1408 484 <- 4;
+1.1563 3672 525 <- 4;
+1.1318 6191 285 <- 4;
+1.1081 5602 837 <- 4;
+1.0851 8719 479 <- 4;
+1.0629 2517 007 <- 4;
+1.0413 4124 753 <- 4;
+1.0204 0816 326 <- 4;
+1.0001 0001 000 <- 4;
+9.9000 0000 000 <+ 1;
+0.0000 0000 000     ;
+0.0000 0000 000     ;
|
